6 0.00061250
3 0.61250000
11 0.00000001
9 0.00000063
3 0.64375000
3 0.61250000
9 0.00000059
9 0.00000066
3 0.62500000
0 637.50000000
1 59.37500000
2 6.12500000
0 612.50000000
1 63.12500000
10 0.00000006
11 0.00000001
9 0.00000063
10 0.00000006
5 0.00612500
7 0.00006125
1 60.00000000
0 656.25000000
7 0.00006063
2 6.12500000
6 0.00065000
1 59.37500000
9 0.00000063
3 0.59375000
4 0.06375000
2 6.43750000
0 625.00000000
5 0.00600000
0 625.00000000
11 0.00000001
9 0.00000059
8 0.00000600
4 0.06250000
5 0.00631250
7 0.00006375
7 0.00006188
6 0.00063750
5 0.00625000
0 593.75000000
11 0.00000001
6 0.00063750
11 0.00000001
4 0.06562500
0 643.75000000
10 0.00000006
10 0.00000006
3 0.63750000
8 0.00000625
7 0.00006563
7 0.00005938
2 6.25000000
9 0.00000062
2 6.06250000
7 0.00006125
6 0.00064375
5 0.00637500
2 6.00000000
4 0.06187500
10 0.00000006
3 0.65000000
7 0.00006375
2 6.06250000
9 0.00000061
0 625.00000000
6 0.00062500
0 656.25000000
5 0.00637500
7 0.00006438
6 0.00065000
1 61.87500000
4 0.06000000
4 0.06000000
11 0.00000001
3 0.61875000
5 0.00637500
0 631.25000000
4 0.06250000
2 5.93750000
4 0.05937500
11 0.00000001
8 0.00000606
0 612.50000000
8 0.00000638
0 625.00000000
9 0.00000064
9 0.00000064
11 0.00000001
2 6.06250000
11 0.00000001
8 0.00000631
6 0.00063750
3 0.61875000
11 0.00000001
6 0.00064375
7 0.00006563
9 0.00000063
6 0.00064375
0 643.75000000
1 62.50000000
0 625.00000000
6 0.00062500
10 0.00000006
2 6.12500000
0 637.50000000
11 0.00000001
3 0.64375000
1 64.37500000
9 0.00000061
9 0.00000061
8 0.00000638
11 0.00000001
4 0.06500000
0 650.00000000
6 0.00060625
10 0.00000007
0 618.75000000
8 0.00000600
9 0.00000061
3 0.62500000
0 637.50000000
2 6.00000000
8 0.00000638
3 0.60625000
3 0.60625000
7 0.00006250
2 6.43750000
6 0.00061250
1 64.37500000
4 0.06562500
2 6.00000000
0 612.50000000
4 0.06437500
5 0.00593750
2 6.25000000
3 0.65000000
7 0.00006438
11 0.00000001
10 0.00000006
5 0.00650000
9 0.00000065
1 64.37500000
10 0.00000007
3 0.64375000
2 5.93750000
5 0.00625000
5 0.00612500
7 0.00006313
9 0.00000064
1 62.50000000
11 0.00000001
1 61.25000000
1 61.87500000
6 0.00061250
2 6.37500000
11 0.00000001
11 0.00000001
6 0.00065000
1 64.37500000
4 0.06562500
9 0.00000064
3 0.60000000
1 60.62500000
6 0.00061250
8 0.00000631
0 656.25000000
5 0.00600000
10 0.00000006
11 0.00000001
9 0.00000063
5 0.00637500
8 0.00000656
3 0.63125000
4 0.06312500
4 0.05937500
3 0.61875000
1 63.12500000
1 59.37500000
2 6.25000000
8 0.00000638
2 6.12500000
7 0.00006438
6 0.00059375
8 0.00000625
7 0.00006250
3 0.61875000
7 0.00006063
3 0.60000000
6 0.00060000
2 5.93750000
0 643.75000000
5 0.00637500
10 0.00000006
3 0.65000000
3 0.62500000
11 0.00000001
0 612.50000000
2 6.06250000
0 643.75000000
10 0.00000007
4 0.06312500
8 0.00000594
3 0.64375000
0 643.75000000
6 0.00063125
7 0.00006375
0 606.25000000
8 0.00000625
9 0.00000066
10 0.00000006
3 0.60625000
4 0.06562500
4 0.06125000
8 0.00000613
1 63.75000000
3 0.61875000
10 0.00000006
9 0.00000064
3 0.60625000
11 0.00000001
2 6.37500000
0 656.25000000
3 0.63750000
2 6.25000000
3 0.62500000
5 0.00625000
7 0.00006250
0 612.50000000
11 0.00000001
10 0.00000006
7 0.00006125
0 618.75000000
10 0.00000006
2 6.25000000
2 6.43750000
3 0.62500000
2 5.93750000
11 0.00000001
9 0.00000059
3 0.59375000
2 6.37500000
2 6.25000000
2 6.00000000
6 0.00062500
7 0.00006000
0 593.75000000
0 637.50000000
0 612.50000000
3 0.62500000
3 0.65625000
3 0.61875000
4 0.06250000
1 62.50000000
6 0.00063125
6 0.00062500
11 0.00000001
2 6.06250000
2 6.31250000
3 0.59375000
2 6.31250000
11 0.00000001
3 0.59375000
2 6.31250000
2 6.00000000
4 0.06187500
10 0.00000006
2 6.12500000
1 62.50000000
1 65.00000000
0 600.00000000
5 0.00631250
0 593.75000000
11 0.00000001
5 0.00618750
8 0.00000606
4 0.06500000
5 0.00625000
7 0.00006250
1 65.62500000
4 0.06125000
6 0.00060625
1 61.25000000
1 63.12500000
5 0.00625000
2 6.18750000
1 59.37500000
4 0.06500000
6 0.00059375
9 0.00000064
10 0.00000006
11 0.00000001
3 0.61250000
6 0.00060000
8 0.00000594
2 6.56250000
9 0.00000064
3 0.62500000
