K-Means clustering on traning data:
([849.0,570.0], 1)
([49.0,673.0], 2)
([883.0,555.0], 1)
([704.0,1000.0], 1)
([732.0,838.0], 1)
([582.0,199.0], 0)
([653.0,472.0], 0)
([231.0,438.0], 2)
([241.0,586.0], 2)
([511.0,86.0], 0)
([497.0,342.0], 0)
([729.0,786.0], 1)
([648.0,102.0], 0)
([31.0,352.0], 2)
([383.0,88.0], 0)
([713.0,529.0], 1)
([447.0,934.0], 1)
([952.0,389.0], 0)
([667.0,4.0], 0)
([932.0,802.0], 1)
([959.0,672.0], 1)
([58.0,979.0], 2)
([497.0,417.0], 0)
([290.0,477.0], 2)
([374.0,651.0], 2)
([853.0,570.0], 1)
([657.0,905.0], 1)
([929.0,986.0], 1)
([661.0,173.0], 0)
([365.0,593.0], 2)
([676.0,802.0], 1)
([71.0,63.0], 2)
([661.0,940.0], 1)
([884.0,161.0], 0)
([865.0,709.0], 1)
([336.0,166.0], 0)
([423.0,407.0], 0)
([602.0,841.0], 1)
([242.0,856.0], 2)
([255.0,432.0], 2)
([329.0,907.0], 2)
([618.0,621.0], 1)
([536.0,88.0], 0)
([305.0,346.0], 2)
([7.0,202.0], 2)
([604.0,842.0], 1)
([266.0,137.0], 0)
([456.0,749.0], 1)
([725.0,878.0], 1)
([988.0,103.0], 0)
([44.0,619.0], 2)
([397.0,335.0], 0)
([324.0,987.0], 2)
([147.0,723.0], 2)
([696.0,539.0], 1)
([482.0,190.0], 0)
([124.0,896.0], 2)
([345.0,585.0], 2)
([492.0,232.0], 0)
([202.0,34.0], 0)
([517.0,256.0], 0)
([878.0,305.0], 0)
([846.0,460.0], 1)
([63.0,770.0], 2)
([532.0,870.0], 1)
([779.0,992.0], 1)
([231.0,722.0], 2)
([308.0,57.0], 0)
([340.0,508.0], 2)
([676.0,539.0], 1)
([839.0,664.0], 1)
([711.0,89.0], 0)
([353.0,294.0], 0)
([369.0,305.0], 0)
([607.0,21.0], 0)
([419.0,455.0], 2)
([680.0,889.0], 1)
([830.0,831.0], 1)
([389.0,110.0], 0)
([41.0,115.0], 2)
([624.0,809.0], 1)
([523.0,290.0], 0)
([946.0,978.0], 1)
([859.0,599.0], 1)
([97.0,660.0], 2)
([463.0,695.0], 1)
([960.0,763.0], 1)
([919.0,626.0], 1)
([859.0,148.0], 0)
([247.0,235.0], 0)
([894.0,794.0], 1)
([471.0,594.0], 1)
([836.0,157.0], 0)
([324.0,50.0], 0)
([693.0,127.0], 0)
([363.0,688.0], 2)
([527.0,557.0], 1)
([720.0,132.0], 0)
([423.0,600.0], 2)
([90.0,574.0], 2)
([832.0,658.0], 1)
([496.0,640.0], 1)
([30.0,765.0], 2)
([397.0,567.0], 2)
([484.0,997.0], 1)
([190.0,942.0], 2)
([657.0,851.0], 1)
([251.0,724.0], 2)
([287.0,641.0], 2)
([195.0,320.0], 2)
([112.0,613.0], 2)
([525.0,410.0], 0)
([114.0,281.0], 2)
([32.0,976.0], 2)
([139.0,865.0], 2)
([114.0,472.0], 2)
([739.0,376.0], 0)
([216.0,803.0], 2)
([566.0,888.0], 1)
([541.0,850.0], 1)
([34.0,858.0], 2)
([697.0,838.0], 1)
([892.0,651.0], 1)
([787.0,838.0], 1)
([178.0,167.0], 2)
([826.0,126.0], 0)
([977.0,479.0], 1)
([48.0,115.0], 2)
([74.0,400.0], 2)
([779.0,125.0], 0)
([599.0,726.0], 1)
([272.0,376.0], 2)
([515.0,348.0], 0)
([854.0,784.0], 1)
([564.0,874.0], 1)
([692.0,493.0], 1)
([119.0,554.0], 2)
([401.0,188.0], 0)
([458.0,177.0], 0)
([712.0,963.0], 1)
([966.0,18.0], 0)
([599.0,830.0], 1)
([601.0,153.0], 0)
([924.0,134.0], 0)
([785.0,906.0], 1)
([537.0,260.0], 0)
([674.0,484.0], 1)
([770.0,791.0], 1)
([30.0,207.0], 2)
([257.0,339.0], 2)
([652.0,289.0], 0)
([369.0,303.0], 0)
([834.0,280.0], 0)
([827.0,673.0], 1)
([568.0,731.0], 1)
([936.0,818.0], 1)
([855.0,187.0], 0)
([553.0,397.0], 0)
([510.0,676.0], 1)
([765.0,391.0], 0)
([16.0,770.0], 2)
([917.0,221.0], 0)
([592.0,835.0], 1)
([691.0,651.0], 1)
([995.0,321.0], 0)
([368.0,823.0], 2)
([682.0,346.0], 0)
([807.0,230.0], 0)
([167.0,740.0], 2)
([297.0,593.0], 2)
([684.0,381.0], 0)
([618.0,859.0], 1)
([282.0,848.0], 2)
([581.0,315.0], 0)
([16.0,934.0], 2)
([186.0,256.0], 2)
([237.0,116.0], 0)
([675.0,645.0], 1)
([349.0,225.0], 0)
([263.0,247.0], 0)
([365.0,564.0], 2)
([299.0,408.0], 2)
([630.0,633.0], 1)
([474.0,488.0], 0)
([459.0,786.0], 1)
([396.0,393.0], 0)
([96.0,889.0], 2)
([422.0,405.0], 0)
([302.0,395.0], 2)
([95.0,258.0], 2)
([710.0,170.0], 0)
([419.0,210.0], 0)
([507.0,70.0], 0)
([956.0,720.0], 1)
([605.0,38.0], 0)
([76.0,817.0], 2)
([26.0,80.0], 2)
([909.0,769.0], 1)
([641.0,541.0], 1)
([933.0,271.0], 0)
([957.0,987.0], 1)
([354.0,837.0], 2)
([496.0,715.0], 1)
([814.0,495.0], 1)
([420.0,811.0], 1)
([161.0,157.0], 2)
([482.0,723.0], 1)
([285.0,788.0], 2)
([702.0,500.0], 1)
([979.0,283.0], 0)
([432.0,115.0], 0)
([224.0,863.0], 2)
([480.0,940.0], 1)
([564.0,204.0], 0)
([526.0,253.0], 0)
([34.0,376.0], 2)
([1.0,411.0], 2)
([539.0,959.0], 1)
([323.0,290.0], 0)
([23.0,396.0], 2)
([65.0,420.0], 2)
([544.0,327.0], 0)
([556.0,839.0], 1)
([355.0,108.0], 0)
([941.0,234.0], 0)
([340.0,165.0], 0)
([259.0,538.0], 2)
([923.0,234.0], 0)
([471.0,287.0], 0)
([169.0,802.0], 2)
([609.0,699.0], 1)
([799.0,727.0], 1)
([61.0,960.0], 2)
([756.0,102.0], 0)
([118.0,400.0], 2)
([479.0,219.0], 0)
([739.0,744.0], 1)
([659.0,199.0], 0)
([712.0,241.0], 0)
([563.0,179.0], 0)
Within Set Sum of Squared Errors = 1.4288214511715658E7